============================================================
 Scenario 1 : Map Data Fusion Time Analysis
============================================================
 Log File    : ./평가/1번_new_new.txt
 Fusion Count: 50 (use first N in log)
 Total Frames(found): 50

------------------------------------------------------------------------------------------------------------------------
 Index     FUSION_TIME (ms)    FUSION_START (ts)    FUSION_STOP (ts)     FUSION_START - FUSION_END (ms)
------------------------------------------------------------------------------------------------------------------------
     1               57.677      14832.8040      14832.8616                 57.600
     2               56.880      14833.8172      14833.8740                 56.800
     3               69.025      14834.8361      14834.9051                 69.000
     4               64.317      14836.1151      14836.1794                 64.300
     5               60.273      14837.0362      14837.0964                 60.200
     6               56.051      14838.0545      14838.1105                 56.000
     7               69.205      14839.0450      14839.1142                 69.200
     8               65.768      14840.0391      14840.1048                 65.700
     9               69.404      14841.3017      14841.3711                 69.400
    10               62.412      14842.0453      14842.1077                 62.400
    11               51.809      14843.0287      14843.0805                 51.800
    12               54.486      14844.0564      14844.1108                 54.400
    13               59.380      14845.0440      14845.1033                 59.300
    14               65.893      14849.0621      14849.1279                 65.800
    15               56.319      14850.0386      14850.0949                 56.300
    16               68.646      14851.0238      14851.0924                 68.600
    17               61.669      14852.0442      14852.1058                 61.600
    18               64.097      14854.3552      14854.4193                 64.100
    19               68.458      14858.3508      14858.4193                 68.500
    20               56.060      14859.0323      14859.0883                 56.000
    21               61.107      14860.0452      14860.1063                 61.100
    22               67.171      14861.0441      14861.1112                 67.100
    23               56.682      14862.0663      14862.1229                 56.600
    24               68.595      14863.0455      14863.1140                 68.500
    25               54.848      14864.0499      14864.1047                 54.800
    26               63.562      14865.2453      14865.3088                 63.500
    27               67.621      14866.0437      14866.1113                 67.600
    28               69.165      14867.0225      14867.0916                 69.100
    29               53.835      14868.0357      14868.0895                 53.800
    30               53.672      14869.0672      14869.1208                 53.600
    31               68.370      14870.0442      14870.1125                 68.300
    32               69.603      14871.0397      14871.1093                 69.600
    33               53.076      14872.0202      14872.0732                 53.000
    34               60.782      14873.0544      14873.1151                 60.700
    35               51.412      14874.0391      14874.0905                 51.400
    36               57.562      14875.0362      14875.0937                 57.500
    37               50.162      14876.0397      14876.0898                 50.100
    38               52.088      14877.0480      14877.1000                 52.000
    39               50.519      14878.0405      14878.0910                 50.500
    40               67.238      14879.0369      14879.1041                 67.200
    41               67.981      14880.0290      14880.0969                 67.900
    42               56.838      14881.0586      14881.1154                 56.800
    43               65.884      14882.1195      14882.1853                 65.800
    44               59.650      14883.0393      14883.0989                 59.600
    45               65.728      14884.0288      14884.0945                 65.700
    46               59.982      14885.0443      14885.1042                 59.900
    47               63.903      14886.0451      14886.1090                 63.900
    48               54.556      14887.0389      14887.0934                 54.500
    49               67.636      14888.0180      14888.0856                 67.600
    50               62.361      14889.0437      14889.1060                 62.300

------------------------------------------------------------------------------------------------------------------------
 Summary
------------------------------------------------------------------------------------------------------------------------
 Avg FUSION_TIME (ms): 61.188
 Max FUSION_TIME (ms): 69.603
============================================================
