============================================================================================
 Scenario 3 : Obstacle Occupancy Cell Verification (Rasterize vs Log)
============================================================================================
 Log File             : 평가/3_4번.txt
 Fusion Count         : 50 (use first N in log)
 Frames(selected)     : 50
 Frame Span           : 1 ~ 50
 Frames(found in log) : 50
 only_module          : DAFU
 cell_size            : 1.0 (coord units per cell)
 rasterizer           : SAT polygon∩cell (global, no alignment)
 target_obstacle_ids  : [1]

--------------------------------------------------------------------------------------------
[Frame 1] obstacles(selected)=1
--------------------------------------------------------------------------------------------
  - Obstacle ID 1
    corners(LU,RU,RL,LL): (159.68176482, 82.12855874) (161.84642083, 80.05147801) (157.62705358, 75.65421095) (155.46239757, 82.12855874)
    log_cells : 36
    calc_cells: 36  (aligned dx=0, dy=0) -> 36
    match_cells : 36
    missing     : 0
    extra       : 0
    log list     : [155,80], [155,81], [155,82], [156,77], [156,78], [156,79], [156,80], [156,81], [156,82], [157,75], [157,76], [157,77], [157,78], [157,79], [157,80], [157,81], [157,82], [158,76], [158,77], [158,78], [158,79], [158,80], [158,81], [158,82], [159,77], [159,78], [159,79], [159,80], [159,81], [159,82], [160,78], [160,79], [160,80], [160,81], [161,79], [161,80]
    calc(global) : [155,80], [155,81], [155,82], [156,77], [156,78], [156,79], [156,80], [156,81], [156,82], [157,75], [157,76], [157,77], [157,78], [157,79], [157,80], [157,81], [157,82], [158,76], [158,77], [158,78], [158,79], [158,80], [158,81], [158,82], [159,77], [159,78], [159,79], [159,80], [159,81], [159,82], [160,78], [160,79], [160,80], [160,81], [161,79], [161,80]
    missing list : (none)
    extra list   : (none)

--------------------------------------------------------------------------------------------
[Frame 2] obstacles(selected)=1
--------------------------------------------------------------------------------------------
  - Obstacle ID 1
    corners(LU,RU,RL,LL): (159.34122428, 82.33544612) (161.54174149, 80.29639633) (157.40517764, 75.83226801) (155.20466044, 82.33544612)
    log_cells : 37
    calc_cells: 37  (aligned dx=0, dy=0) -> 37
    match_cells : 37
    missing     : 0
    extra       : 0
    log list     : [155,79], [155,80], [155,81], [155,82], [156,77], [156,78], [156,79], [156,80], [156,81], [156,82], [157,75], [157,76], [157,77], [157,78], [157,79], [157,80], [157,81], [157,82], [158,76], [158,77], [158,78], [158,79], [158,80], [158,81], [158,82], [159,77], [159,78], [159,79], [159,80], [159,81], [159,82], [160,78], [160,79], [160,80], [160,81], [161,79], [161,80]
    calc(global) : [155,79], [155,80], [155,81], [155,82], [156,77], [156,78], [156,79], [156,80], [156,81], [156,82], [157,75], [157,76], [157,77], [157,78], [157,79], [157,80], [157,81], [157,82], [158,76], [158,77], [158,78], [158,79], [158,80], [158,81], [158,82], [159,77], [159,78], [159,79], [159,80], [159,81], [159,82], [160,78], [160,79], [160,80], [160,81], [161,79], [161,80]
    missing list : (none)
    extra list   : (none)

--------------------------------------------------------------------------------------------
[Frame 3] obstacles(selected)=1
--------------------------------------------------------------------------------------------
  - Obstacle ID 1
    corners(LU,RU,RL,LL): (159.79978783, 82.01486807) (161.91001867, 79.88251588) (157.57105103, 75.58856138) (155.4608202, 82.01486807)
    log_cells : 38
    calc_cells: 38  (aligned dx=0, dy=0) -> 38
    match_cells : 38
    missing     : 0
    extra       : 0
    log list     : [155,80], [155,81], [155,82], [156,77], [156,78], [156,79], [156,80], [156,81], [156,82], [157,75], [157,76], [157,77], [157,78], [157,79], [157,80], [157,81], [157,82], [158,76], [158,77], [158,78], [158,79], [158,80], [158,81], [158,82], [159,77], [159,78], [159,79], [159,80], [159,81], [159,82], [160,77], [160,78], [160,79], [160,80], [160,81], [161,78], [161,79], [161,80]
    calc(global) : [155,80], [155,81], [155,82], [156,77], [156,78], [156,79], [156,80], [156,81], [156,82], [157,75], [157,76], [157,77], [157,78], [157,79], [157,80], [157,81], [157,82], [158,76], [158,77], [158,78], [158,79], [158,80], [158,81], [158,82], [159,77], [159,78], [159,79], [159,80], [159,81], [159,82], [160,77], [160,78], [160,79], [160,80], [160,81], [161,78], [161,79], [161,80]
    missing list : (none)
    extra list   : (none)

--------------------------------------------------------------------------------------------
[Frame 4] obstacles(selected)=1
--------------------------------------------------------------------------------------------
  - Obstacle ID 1
    corners(LU,RU,RL,LL): (159.6097291, 82.10750003) (161.79510366, 80.05222924) (157.62294957, 75.61596738) (155.43757501, 82.10750003)
    log_cells : 36
    calc_cells: 36  (aligned dx=0, dy=0) -> 36
    match_cells : 36
    missing     : 0
    extra       : 0
    log list     : [155,80], [155,81], [155,82], [156,77], [156,78], [156,79], [156,80], [156,81], [156,82], [157,75], [157,76], [157,77], [157,78], [157,79], [157,80], [157,81], [157,82], [158,76], [158,77], [158,78], [158,79], [158,80], [158,81], [158,82], [159,77], [159,78], [159,79], [159,80], [159,81], [159,82], [160,78], [160,79], [160,80], [160,81], [161,79], [161,80]
    calc(global) : [155,80], [155,81], [155,82], [156,77], [156,78], [156,79], [156,80], [156,81], [156,82], [157,75], [157,76], [157,77], [157,78], [157,79], [157,80], [157,81], [157,82], [158,76], [158,77], [158,78], [158,79], [158,80], [158,81], [158,82], [159,77], [159,78], [159,79], [159,80], [159,81], [159,82], [160,78], [160,79], [160,80], [160,81], [161,79], [161,80]
    missing list : (none)
    extra list   : (none)

--------------------------------------------------------------------------------------------
[Frame 5] obstacles(selected)=1
--------------------------------------------------------------------------------------------
  - Obstacle ID 1
    corners(LU,RU,RL,LL): (159.79965735, 82.00053711) (161.91703983, 79.8752862) (157.59727724, 75.5715169) (155.47989476, 82.00053711)
    log_cells : 40
    calc_cells: 40  (aligned dx=0, dy=0) -> 40
    match_cells : 40
    missing     : 0
    extra       : 0
    log list     : [155,80], [155,81], [155,82], [156,77], [156,78], [156,79], [156,80], [156,81], [156,82], [157,75], [157,76], [157,77], [157,78], [157,79], [157,80], [157,81], [157,82], [158,75], [158,76], [158,77], [158,78], [158,79], [158,80], [158,81], [158,82], [159,76], [159,77], [159,78], [159,79], [159,80], [159,81], [159,82], [160,77], [160,78], [160,79], [160,80], [160,81], [161,78], [161,79], [161,80]
    calc(global) : [155,80], [155,81], [155,82], [156,77], [156,78], [156,79], [156,80], [156,81], [156,82], [157,75], [157,76], [157,77], [157,78], [157,79], [157,80], [157,81], [157,82], [158,75], [158,76], [158,77], [158,78], [158,79], [158,80], [158,81], [158,82], [159,76], [159,77], [159,78], [159,79], [159,80], [159,81], [159,82], [160,77], [160,78], [160,79], [160,80], [160,81], [161,78], [161,79], [161,80]
    missing list : (none)
    extra list   : (none)

--------------------------------------------------------------------------------------------
[Frame 6] obstacles(selected)=1
--------------------------------------------------------------------------------------------
  - Obstacle ID 1
    corners(LU,RU,RL,LL): (159.7471578, 81.92640044) (161.87987705, 79.81654058) (157.63791267, 75.52861641) (155.50519342, 81.92640044)
    log_cells : 35
    calc_cells: 35  (aligned dx=0, dy=0) -> 35
    match_cells : 35
    missing     : 0
    extra       : 0
    log list     : [155,80], [155,81], [156,77], [156,78], [156,79], [156,80], [156,81], [157,75], [157,76], [157,77], [157,78], [157,79], [157,80], [157,81], [158,75], [158,76], [158,77], [158,78], [158,79], [158,80], [158,81], [159,76], [159,77], [159,78], [159,79], [159,80], [159,81], [160,77], [160,78], [160,79], [160,80], [160,81], [161,78], [161,79], [161,80]
    calc(global) : [155,80], [155,81], [156,77], [156,78], [156,79], [156,80], [156,81], [157,75], [157,76], [157,77], [157,78], [157,79], [157,80], [157,81], [158,75], [158,76], [158,77], [158,78], [158,79], [158,80], [158,81], [159,76], [159,77], [159,78], [159,79], [159,80], [159,81], [160,77], [160,78], [160,79], [160,80], [160,81], [161,78], [161,79], [161,80]
    missing list : (none)
    extra list   : (none)

--------------------------------------------------------------------------------------------
[Frame 7] obstacles(selected)=1
--------------------------------------------------------------------------------------------
  - Obstacle ID 1
    corners(LU,RU,RL,LL): (159.67587608, 81.92188188) (161.83278317, 79.83675554) (157.64255633, 75.50227959) (155.48564925, 81.92188188)
    log_cells : 35
    calc_cells: 35  (aligned dx=0, dy=0) -> 35
    match_cells : 35
    missing     : 0
    extra       : 0
    log list     : [155,80], [155,81], [156,77], [156,78], [156,79], [156,80], [156,81], [157,75], [157,76], [157,77], [157,78], [157,79], [157,80], [157,81], [158,75], [158,76], [158,77], [158,78], [158,79], [158,80], [158,81], [159,76], [159,77], [159,78], [159,79], [159,80], [159,81], [160,77], [160,78], [160,79], [160,80], [160,81], [161,78], [161,79], [161,80]
    calc(global) : [155,80], [155,81], [156,77], [156,78], [156,79], [156,80], [156,81], [157,75], [157,76], [157,77], [157,78], [157,79], [157,80], [157,81], [158,75], [158,76], [158,77], [158,78], [158,79], [158,80], [158,81], [159,76], [159,77], [159,78], [159,79], [159,80], [159,81], [160,77], [160,78], [160,79], [160,80], [160,81], [161,78], [161,79], [161,80]
    missing list : (none)
    extra list   : (none)

--------------------------------------------------------------------------------------------
[Frame 8] obstacles(selected)=1
--------------------------------------------------------------------------------------------
  - Obstacle ID 1
    corners(LU,RU,RL,LL): (159.71575475, 81.97585915) (161.87260299, 79.89067196) (157.59888064, 75.47007578) (155.4420324, 81.97585915)
    log_cells : 35
    calc_cells: 35  (aligned dx=0, dy=0) -> 35
    match_cells : 35
    missing     : 0
    extra       : 0
    log list     : [155,80], [155,81], [156,77], [156,78], [156,79], [156,80], [156,81], [157,75], [157,76], [157,77], [157,78], [157,79], [157,80], [157,81], [158,75], [158,76], [158,77], [158,78], [158,79], [158,80], [158,81], [159,76], [159,77], [159,78], [159,79], [159,80], [159,81], [160,77], [160,78], [160,79], [160,80], [160,81], [161,78], [161,79], [161,80]
    calc(global) : [155,80], [155,81], [156,77], [156,78], [156,79], [156,80], [156,81], [157,75], [157,76], [157,77], [157,78], [157,79], [157,80], [157,81], [158,75], [158,76], [158,77], [158,78], [158,79], [158,80], [158,81], [159,76], [159,77], [159,78], [159,79], [159,80], [159,81], [160,77], [160,78], [160,79], [160,80], [160,81], [161,78], [161,79], [161,80]
    missing list : (none)
    extra list   : (none)

--------------------------------------------------------------------------------------------
[Frame 9] obstacles(selected)=1
--------------------------------------------------------------------------------------------
  - Obstacle ID 1
    corners(LU,RU,RL,LL): (159.72206857, 81.99279013) (161.87898267, 79.90767105) (157.59676932, 75.47801214) (155.43985522, 81.99279013)
    log_cells : 35
    calc_cells: 35  (aligned dx=0, dy=0) -> 35
    match_cells : 35
    missing     : 0
    extra       : 0
    log list     : [155,80], [155,81], [156,77], [156,78], [156,79], [156,80], [156,81], [157,75], [157,76], [157,77], [157,78], [157,79], [157,80], [157,81], [158,75], [158,76], [158,77], [158,78], [158,79], [158,80], [158,81], [159,76], [159,77], [159,78], [159,79], [159,80], [159,81], [160,77], [160,78], [160,79], [160,80], [160,81], [161,78], [161,79], [161,80]
    calc(global) : [155,80], [155,81], [156,77], [156,78], [156,79], [156,80], [156,81], [157,75], [157,76], [157,77], [157,78], [157,79], [157,80], [157,81], [158,75], [158,76], [158,77], [158,78], [158,79], [158,80], [158,81], [159,76], [159,77], [159,78], [159,79], [159,80], [159,81], [160,77], [160,78], [160,79], [160,80], [160,81], [161,78], [161,79], [161,80]
    missing list : (none)
    extra list   : (none)

--------------------------------------------------------------------------------------------
[Frame 10] obstacles(selected)=1
--------------------------------------------------------------------------------------------
  - Obstacle ID 1
    corners(LU,RU,RL,LL): (159.77750047, 81.91822715) (161.89474083, 79.79283465) (157.59012866, 75.50473324) (155.4728883, 81.91822715)
    log_cells : 35
    calc_cells: 35  (aligned dx=0, dy=0) -> 35
    match_cells : 35
    missing     : 0
    extra       : 0
    log list     : [155,80], [155,81], [156,77], [156,78], [156,79], [156,80], [156,81], [157,75], [157,76], [157,77], [157,78], [157,79], [157,80], [157,81], [158,75], [158,76], [158,77], [158,78], [158,79], [158,80], [158,81], [159,76], [159,77], [159,78], [159,79], [159,80], [159,81], [160,77], [160,78], [160,79], [160,80], [160,81], [161,78], [161,79], [161,80]
    calc(global) : [155,80], [155,81], [156,77], [156,78], [156,79], [156,80], [156,81], [157,75], [157,76], [157,77], [157,78], [157,79], [157,80], [157,81], [158,75], [158,76], [158,77], [158,78], [158,79], [158,80], [158,81], [159,76], [159,77], [159,78], [159,79], [159,80], [159,81], [160,77], [160,78], [160,79], [160,80], [160,81], [161,78], [161,79], [161,80]
    missing list : (none)
    extra list   : (none)

--------------------------------------------------------------------------------------------
[Frame 11] obstacles(selected)=1
--------------------------------------------------------------------------------------------
  - Obstacle ID 1
    corners(LU,RU,RL,LL): (159.73881336, 81.97359374) (161.89569362, 79.88843965) (157.62581303, 75.47168159) (155.46893278, 81.97359374)
    log_cells : 35
    calc_cells: 35  (aligned dx=0, dy=0) -> 35
    match_cells : 35
    missing     : 0
    extra       : 0
    log list     : [155,80], [155,81], [156,77], [156,78], [156,79], [156,80], [156,81], [157,75], [157,76], [157,77], [157,78], [157,79], [157,80], [157,81], [158,75], [158,76], [158,77], [158,78], [158,79], [158,80], [158,81], [159,76], [159,77], [159,78], [159,79], [159,80], [159,81], [160,77], [160,78], [160,79], [160,80], [160,81], [161,78], [161,79], [161,80]
    calc(global) : [155,80], [155,81], [156,77], [156,78], [156,79], [156,80], [156,81], [157,75], [157,76], [157,77], [157,78], [157,79], [157,80], [157,81], [158,75], [158,76], [158,77], [158,78], [158,79], [158,80], [158,81], [159,76], [159,77], [159,78], [159,79], [159,80], [159,81], [160,77], [160,78], [160,79], [160,80], [160,81], [161,78], [161,79], [161,80]
    missing list : (none)
    extra list   : (none)

--------------------------------------------------------------------------------------------
[Frame 12] obstacles(selected)=1
--------------------------------------------------------------------------------------------
  - Obstacle ID 1
    corners(LU,RU,RL,LL): (159.73400105, 81.91236476) (161.89091303, 79.82724349) (157.67840003, 75.46969369) (155.52148805, 81.91236476)
    log_cells : 35
    calc_cells: 35  (aligned dx=0, dy=0) -> 35
    match_cells : 35
    missing     : 0
    extra       : 0
    log list     : [155,80], [155,81], [156,77], [156,78], [156,79], [156,80], [156,81], [157,75], [157,76], [157,77], [157,78], [157,79], [157,80], [157,81], [158,75], [158,76], [158,77], [158,78], [158,79], [158,80], [158,81], [159,76], [159,77], [159,78], [159,79], [159,80], [159,81], [160,77], [160,78], [160,79], [160,80], [160,81], [161,78], [161,79], [161,80]
    calc(global) : [155,80], [155,81], [156,77], [156,78], [156,79], [156,80], [156,81], [157,75], [157,76], [157,77], [157,78], [157,79], [157,80], [157,81], [158,75], [158,76], [158,77], [158,78], [158,79], [158,80], [158,81], [159,76], [159,77], [159,78], [159,79], [159,80], [159,81], [160,77], [160,78], [160,79], [160,80], [160,81], [161,78], [161,79], [161,80]
    missing list : (none)
    extra list   : (none)

--------------------------------------------------------------------------------------------
[Frame 13] obstacles(selected)=1
--------------------------------------------------------------------------------------------
  - Obstacle ID 1
    corners(LU,RU,RL,LL): (159.69683721, 81.93845923) (161.85371492, 79.85330251) (157.63962772, 75.4942677) (155.48275002, 81.93845923)
    log_cells : 35
    calc_cells: 35  (aligned dx=0, dy=0) -> 35
    match_cells : 35
    missing     : 0
    extra       : 0
    log list     : [155,80], [155,81], [156,77], [156,78], [156,79], [156,80], [156,81], [157,75], [157,76], [157,77], [157,78], [157,79], [157,80], [157,81], [158,75], [158,76], [158,77], [158,78], [158,79], [158,80], [158,81], [159,76], [159,77], [159,78], [159,79], [159,80], [159,81], [160,77], [160,78], [160,79], [160,80], [160,81], [161,78], [161,79], [161,80]
    calc(global) : [155,80], [155,81], [156,77], [156,78], [156,79], [156,80], [156,81], [157,75], [157,76], [157,77], [157,78], [157,79], [157,80], [157,81], [158,75], [158,76], [158,77], [158,78], [158,79], [158,80], [158,81], [159,76], [159,77], [159,78], [159,79], [159,80], [159,81], [160,77], [160,78], [160,79], [160,80], [160,81], [161,78], [161,79], [161,80]
    missing list : (none)
    extra list   : (none)

--------------------------------------------------------------------------------------------
[Frame 14] obstacles(selected)=1
--------------------------------------------------------------------------------------------
  - Obstacle ID 1
    corners(LU,RU,RL,LL): (159.69286059, 81.94233055) (161.86247614, 79.87043086) (157.66088399, 75.47068135) (155.49126844, 81.94233055)
    log_cells : 35
    calc_cells: 35  (aligned dx=0, dy=0) -> 35
    match_cells : 35
    missing     : 0
    extra       : 0
    log list     : [155,80], [155,81], [156,77], [156,78], [156,79], [156,80], [156,81], [157,75], [157,76], [157,77], [157,78], [157,79], [157,80], [157,81], [158,75], [158,76], [158,77], [158,78], [158,79], [158,80], [158,81], [159,76], [159,77], [159,78], [159,79], [159,80], [159,81], [160,77], [160,78], [160,79], [160,80], [160,81], [161,78], [161,79], [161,80]
    calc(global) : [155,80], [155,81], [156,77], [156,78], [156,79], [156,80], [156,81], [157,75], [157,76], [157,77], [157,78], [157,79], [157,80], [157,81], [158,75], [158,76], [158,77], [158,78], [158,79], [158,80], [158,81], [159,76], [159,77], [159,78], [159,79], [159,80], [159,81], [160,77], [160,78], [160,79], [160,80], [160,81], [161,78], [161,79], [161,80]
    missing list : (none)
    extra list   : (none)

--------------------------------------------------------------------------------------------
[Frame 15] obstacles(selected)=1
--------------------------------------------------------------------------------------------
  - Obstacle ID 1
    corners(LU,RU,RL,LL): (159.77426983, 81.91921541) (161.89150917, 79.7938219) (157.57529117, 75.49416328) (155.45805184, 81.91921541)
    log_cells : 35
    calc_cells: 35  (aligned dx=0, dy=0) -> 35
    match_cells : 35
    missing     : 0
    extra       : 0
    log list     : [155,80], [155,81], [156,77], [156,78], [156,79], [156,80], [156,81], [157,75], [157,76], [157,77], [157,78], [157,79], [157,80], [157,81], [158,75], [158,76], [158,77], [158,78], [158,79], [158,80], [158,81], [159,76], [159,77], [159,78], [159,79], [159,80], [159,81], [160,77], [160,78], [160,79], [160,80], [160,81], [161,78], [161,79], [161,80]
    calc(global) : [155,80], [155,81], [156,77], [156,78], [156,79], [156,80], [156,81], [157,75], [157,76], [157,77], [157,78], [157,79], [157,80], [157,81], [158,75], [158,76], [158,77], [158,78], [158,79], [158,80], [158,81], [159,76], [159,77], [159,78], [159,79], [159,80], [159,81], [160,77], [160,78], [160,79], [160,80], [160,81], [161,78], [161,79], [161,80]
    missing list : (none)
    extra list   : (none)

--------------------------------------------------------------------------------------------
[Frame 16] obstacles(selected)=1
--------------------------------------------------------------------------------------------
  - Obstacle ID 1
    corners(LU,RU,RL,LL): (159.71591436, 81.97457729) (161.87279309, 79.88942163) (157.63860687, 75.50959215) (155.48172814, 81.97457729)
    log_cells : 35
    calc_cells: 35  (aligned dx=0, dy=0) -> 35
    match_cells : 35
    missing     : 0
    extra       : 0
    log list     : [155,80], [155,81], [156,77], [156,78], [156,79], [156,80], [156,81], [157,75], [157,76], [157,77], [157,78], [157,79], [157,80], [157,81], [158,75], [158,76], [158,77], [158,78], [158,79], [158,80], [158,81], [159,76], [159,77], [159,78], [159,79], [159,80], [159,81], [160,77], [160,78], [160,79], [160,80], [160,81], [161,78], [161,79], [161,80]
    calc(global) : [155,80], [155,81], [156,77], [156,78], [156,79], [156,80], [156,81], [157,75], [157,76], [157,77], [157,78], [157,79], [157,80], [157,81], [158,75], [158,76], [158,77], [158,78], [158,79], [158,80], [158,81], [159,76], [159,77], [159,78], [159,79], [159,80], [159,81], [160,77], [160,78], [160,79], [160,80], [160,81], [161,78], [161,79], [161,80]
    missing list : (none)
    extra list   : (none)

--------------------------------------------------------------------------------------------
[Frame 17] obstacles(selected)=1
--------------------------------------------------------------------------------------------
  - Obstacle ID 1
    corners(LU,RU,RL,LL): (159.73965663, 81.99946284) (161.89654619, 79.91431838) (157.6582457, 75.53018755) (155.50135614, 81.99946284)
    log_cells : 35
    calc_cells: 35  (aligned dx=0, dy=0) -> 35
    match_cells : 35
    missing     : 0
    extra       : 0
    log list     : [155,80], [155,81], [156,77], [156,78], [156,79], [156,80], [156,81], [157,75], [157,76], [157,77], [157,78], [157,79], [157,80], [157,81], [158,75], [158,76], [158,77], [158,78], [158,79], [158,80], [158,81], [159,76], [159,77], [159,78], [159,79], [159,80], [159,81], [160,77], [160,78], [160,79], [160,80], [160,81], [161,78], [161,79], [161,80]
    calc(global) : [155,80], [155,81], [156,77], [156,78], [156,79], [156,80], [156,81], [157,75], [157,76], [157,77], [157,78], [157,79], [157,80], [157,81], [158,75], [158,76], [158,77], [158,78], [158,79], [158,80], [158,81], [159,76], [159,77], [159,78], [159,79], [159,80], [159,81], [160,77], [160,78], [160,79], [160,80], [160,81], [161,78], [161,79], [161,80]
    missing list : (none)
    extra list   : (none)

--------------------------------------------------------------------------------------------
[Frame 18] obstacles(selected)=1
--------------------------------------------------------------------------------------------
  - Obstacle ID 1
    corners(LU,RU,RL,LL): (159.73145789, 82.0072309) (161.89280503, 79.92670728) (157.6696485, 75.5394909) (155.50830136, 82.0072309)
    log_cells : 40
    calc_cells: 40  (aligned dx=0, dy=0) -> 40
    match_cells : 40
    missing     : 0
    extra       : 0
    log list     : [155,80], [155,81], [155,82], [156,77], [156,78], [156,79], [156,80], [156,81], [156,82], [157,75], [157,76], [157,77], [157,78], [157,79], [157,80], [157,81], [157,82], [158,75], [158,76], [158,77], [158,78], [158,79], [158,80], [158,81], [158,82], [159,76], [159,77], [159,78], [159,79], [159,80], [159,81], [159,82], [160,77], [160,78], [160,79], [160,80], [160,81], [161,78], [161,79], [161,80]
    calc(global) : [155,80], [155,81], [155,82], [156,77], [156,78], [156,79], [156,80], [156,81], [156,82], [157,75], [157,76], [157,77], [157,78], [157,79], [157,80], [157,81], [157,82], [158,75], [158,76], [158,77], [158,78], [158,79], [158,80], [158,81], [158,82], [159,76], [159,77], [159,78], [159,79], [159,80], [159,81], [159,82], [160,77], [160,78], [160,79], [160,80], [160,81], [161,78], [161,79], [161,80]
    missing list : (none)
    extra list   : (none)

--------------------------------------------------------------------------------------------
[Frame 19] obstacles(selected)=1
--------------------------------------------------------------------------------------------
  - Obstacle ID 1
    corners(LU,RU,RL,LL): (159.74146997, 82.00861625) (161.89835075, 79.9234627) (157.66382662, 75.54327512) (155.50694584, 82.00861625)
    log_cells : 40
    calc_cells: 40  (aligned dx=0, dy=0) -> 40
    match_cells : 40
    missing     : 0
    extra       : 0
    log list     : [155,80], [155,81], [155,82], [156,77], [156,78], [156,79], [156,80], [156,81], [156,82], [157,75], [157,76], [157,77], [157,78], [157,79], [157,80], [157,81], [157,82], [158,75], [158,76], [158,77], [158,78], [158,79], [158,80], [158,81], [158,82], [159,76], [159,77], [159,78], [159,79], [159,80], [159,81], [159,82], [160,77], [160,78], [160,79], [160,80], [160,81], [161,78], [161,79], [161,80]
    calc(global) : [155,80], [155,81], [155,82], [156,77], [156,78], [156,79], [156,80], [156,81], [156,82], [157,75], [157,76], [157,77], [157,78], [157,79], [157,80], [157,81], [157,82], [158,75], [158,76], [158,77], [158,78], [158,79], [158,80], [158,81], [158,82], [159,76], [159,77], [159,78], [159,79], [159,80], [159,81], [159,82], [160,77], [160,78], [160,79], [160,80], [160,81], [161,78], [161,79], [161,80]
    missing list : (none)
    extra list   : (none)

--------------------------------------------------------------------------------------------
[Frame 20] obstacles(selected)=1
--------------------------------------------------------------------------------------------
  - Obstacle ID 1
    corners(LU,RU,RL,LL): (159.7137182, 82.0320106) (161.87061681, 79.94687549) (157.64677232, 75.57766017) (155.48987372, 82.0320106)
    log_cells : 38
    calc_cells: 38  (aligned dx=0, dy=0) -> 38
    match_cells : 38
    missing     : 0
    extra       : 0
    log list     : [155,80], [155,81], [155,82], [156,77], [156,78], [156,79], [156,80], [156,81], [156,82], [157,75], [157,76], [157,77], [157,78], [157,79], [157,80], [157,81], [157,82], [158,75], [158,76], [158,77], [158,78], [158,79], [158,80], [158,81], [158,82], [159,76], [159,77], [159,78], [159,79], [159,80], [159,81], [159,82], [160,78], [160,79], [160,80], [160,81], [161,79], [161,80]
    calc(global) : [155,80], [155,81], [155,82], [156,77], [156,78], [156,79], [156,80], [156,81], [156,82], [157,75], [157,76], [157,77], [157,78], [157,79], [157,80], [157,81], [157,82], [158,75], [158,76], [158,77], [158,78], [158,79], [158,80], [158,81], [158,82], [159,76], [159,77], [159,78], [159,79], [159,80], [159,81], [159,82], [160,78], [160,79], [160,80], [160,81], [161,79], [161,80]
    missing list : (none)
    extra list   : (none)

--------------------------------------------------------------------------------------------
[Frame 21] obstacles(selected)=1
--------------------------------------------------------------------------------------------
  - Obstacle ID 1
    corners(LU,RU,RL,LL): (159.73250743, 82.03933784) (161.88599094, 79.95067588) (157.64037635, 75.57329879) (155.48689284, 82.03933784)
    log_cells : 38
    calc_cells: 38  (aligned dx=0, dy=0) -> 38
    match_cells : 38
    missing     : 0
    extra       : 0
    log list     : [155,80], [155,81], [155,82], [156,77], [156,78], [156,79], [156,80], [156,81], [156,82], [157,75], [157,76], [157,77], [157,78], [157,79], [157,80], [157,81], [157,82], [158,75], [158,76], [158,77], [158,78], [158,79], [158,80], [158,81], [158,82], [159,76], [159,77], [159,78], [159,79], [159,80], [159,81], [159,82], [160,78], [160,79], [160,80], [160,81], [161,79], [161,80]
    calc(global) : [155,80], [155,81], [155,82], [156,77], [156,78], [156,79], [156,80], [156,81], [156,82], [157,75], [157,76], [157,77], [157,78], [157,79], [157,80], [157,81], [157,82], [158,75], [158,76], [158,77], [158,78], [158,79], [158,80], [158,81], [158,82], [159,76], [159,77], [159,78], [159,79], [159,80], [159,81], [159,82], [160,78], [160,79], [160,80], [160,81], [161,79], [161,80]
    missing list : (none)
    extra list   : (none)

--------------------------------------------------------------------------------------------
[Frame 22] obstacles(selected)=1
--------------------------------------------------------------------------------------------
  - Obstacle ID 1
    corners(LU,RU,RL,LL): (159.73816556, 82.05160776) (161.89506574, 79.96647429) (157.65538854, 75.58087468) (155.49848836, 82.05160776)
    log_cells : 38
    calc_cells: 38  (aligned dx=0, dy=0) -> 38
    match_cells : 38
    missing     : 0
    extra       : 0
    log list     : [155,80], [155,81], [155,82], [156,77], [156,78], [156,79], [156,80], [156,81], [156,82], [157,75], [157,76], [157,77], [157,78], [157,79], [157,80], [157,81], [157,82], [158,75], [158,76], [158,77], [158,78], [158,79], [158,80], [158,81], [158,82], [159,76], [159,77], [159,78], [159,79], [159,80], [159,81], [159,82], [160,78], [160,79], [160,80], [160,81], [161,79], [161,80]
    calc(global) : [155,80], [155,81], [155,82], [156,77], [156,78], [156,79], [156,80], [156,81], [156,82], [157,75], [157,76], [157,77], [157,78], [157,79], [157,80], [157,81], [157,82], [158,75], [158,76], [158,77], [158,78], [158,79], [158,80], [158,81], [158,82], [159,76], [159,77], [159,78], [159,79], [159,80], [159,81], [159,82], [160,78], [160,79], [160,80], [160,81], [161,79], [161,80]
    missing list : (none)
    extra list   : (none)

--------------------------------------------------------------------------------------------
[Frame 23] obstacles(selected)=1
--------------------------------------------------------------------------------------------
  - Obstacle ID 1
    corners(LU,RU,RL,LL): (159.74592673, 82.05889614) (161.90280379, 79.97373874) (157.66541723, 75.59060591) (155.50854018, 82.05889614)
    log_cells : 38
    calc_cells: 38  (aligned dx=0, dy=0) -> 38
    match_cells : 38
    missing     : 0
    extra       : 0
    log list     : [155,80], [155,81], [155,82], [156,77], [156,78], [156,79], [156,80], [156,81], [156,82], [157,75], [157,76], [157,77], [157,78], [157,79], [157,80], [157,81], [157,82], [158,75], [158,76], [158,77], [158,78], [158,79], [158,80], [158,81], [158,82], [159,76], [159,77], [159,78], [159,79], [159,80], [159,81], [159,82], [160,78], [160,79], [160,80], [160,81], [161,79], [161,80]
    calc(global) : [155,80], [155,81], [155,82], [156,77], [156,78], [156,79], [156,80], [156,81], [156,82], [157,75], [157,76], [157,77], [157,78], [157,79], [157,80], [157,81], [157,82], [158,75], [158,76], [158,77], [158,78], [158,79], [158,80], [158,81], [158,82], [159,76], [159,77], [159,78], [159,79], [159,80], [159,81], [159,82], [160,78], [160,79], [160,80], [160,81], [161,79], [161,80]
    missing list : (none)
    extra list   : (none)

--------------------------------------------------------------------------------------------
[Frame 24] obstacles(selected)=1
--------------------------------------------------------------------------------------------
  - Obstacle ID 1
    corners(LU,RU,RL,LL): (159.74836868, 82.04448632) (161.90525805, 79.95934166) (157.68136259, 75.59011231) (155.52447321, 82.04448632)
    log_cells : 39
    calc_cells: 39  (aligned dx=0, dy=0) -> 39
    match_cells : 39
    missing     : 0
    extra       : 0
    log list     : [155,80], [155,81], [155,82], [156,77], [156,78], [156,79], [156,80], [156,81], [156,82], [157,75], [157,76], [157,77], [157,78], [157,79], [157,80], [157,81], [157,82], [158,75], [158,76], [158,77], [158,78], [158,79], [158,80], [158,81], [158,82], [159,76], [159,77], [159,78], [159,79], [159,80], [159,81], [159,82], [160,77], [160,78], [160,79], [160,80], [160,81], [161,79], [161,80]
    calc(global) : [155,80], [155,81], [155,82], [156,77], [156,78], [156,79], [156,80], [156,81], [156,82], [157,75], [157,76], [157,77], [157,78], [157,79], [157,80], [157,81], [157,82], [158,75], [158,76], [158,77], [158,78], [158,79], [158,80], [158,81], [158,82], [159,76], [159,77], [159,78], [159,79], [159,80], [159,81], [159,82], [160,77], [160,78], [160,79], [160,80], [160,81], [161,79], [161,80]
    missing list : (none)
    extra list   : (none)

--------------------------------------------------------------------------------------------
[Frame 25] obstacles(selected)=1
--------------------------------------------------------------------------------------------
  - Obstacle ID 1
    corners(LU,RU,RL,LL): (159.73229491, 82.07994337) (161.88917272, 79.99478676) (157.65311405, 75.61302428) (155.49623623, 82.07994337)
    log_cells : 37
    calc_cells: 37  (aligned dx=0, dy=0) -> 37
    match_cells : 37
    missing     : 0
    extra       : 0
    log list     : [155,80], [155,81], [155,82], [156,77], [156,78], [156,79], [156,80], [156,81], [156,82], [157,75], [157,76], [157,77], [157,78], [157,79], [157,80], [157,81], [157,82], [158,75], [158,76], [158,77], [158,78], [158,79], [158,80], [158,81], [158,82], [159,77], [159,78], [159,79], [159,80], [159,81], [159,82], [160,78], [160,79], [160,80], [160,81], [161,79], [161,80]
    calc(global) : [155,80], [155,81], [155,82], [156,77], [156,78], [156,79], [156,80], [156,81], [156,82], [157,75], [157,76], [157,77], [157,78], [157,79], [157,80], [157,81], [157,82], [158,75], [158,76], [158,77], [158,78], [158,79], [158,80], [158,81], [158,82], [159,77], [159,78], [159,79], [159,80], [159,81], [159,82], [160,78], [160,79], [160,80], [160,81], [161,79], [161,80]
    missing list : (none)
    extra list   : (none)

--------------------------------------------------------------------------------------------
[Frame 26] obstacles(selected)=1
--------------------------------------------------------------------------------------------
  - Obstacle ID 1
    corners(LU,RU,RL,LL): (159.81626987, 82.03138183) (161.93356794, 79.90604683) (157.6166385, 75.60544181) (155.49934043, 82.03138183)
    log_cells : 40
    calc_cells: 40  (aligned dx=0, dy=0) -> 40
    match_cells : 40
    missing     : 0
    extra       : 0
    log list     : [155,80], [155,81], [155,82], [156,77], [156,78], [156,79], [156,80], [156,81], [156,82], [157,75], [157,76], [157,77], [157,78], [157,79], [157,80], [157,81], [157,82], [158,75], [158,76], [158,77], [158,78], [158,79], [158,80], [158,81], [158,82], [159,76], [159,77], [159,78], [159,79], [159,80], [159,81], [159,82], [160,77], [160,78], [160,79], [160,80], [160,81], [161,78], [161,79], [161,80]
    calc(global) : [155,80], [155,81], [155,82], [156,77], [156,78], [156,79], [156,80], [156,81], [156,82], [157,75], [157,76], [157,77], [157,78], [157,79], [157,80], [157,81], [157,82], [158,75], [158,76], [158,77], [158,78], [158,79], [158,80], [158,81], [158,82], [159,76], [159,77], [159,78], [159,79], [159,80], [159,81], [159,82], [160,77], [160,78], [160,79], [160,80], [160,81], [161,78], [161,79], [161,80]
    missing list : (none)
    extra list   : (none)

--------------------------------------------------------------------------------------------
[Frame 27] obstacles(selected)=1
--------------------------------------------------------------------------------------------
  - Obstacle ID 1
    corners(LU,RU,RL,LL): (159.79238652, 82.01557908) (161.9276228, 79.90826657) (157.65669193, 75.58074206) (155.52145565, 82.01557908)
    log_cells : 40
    calc_cells: 40  (aligned dx=0, dy=0) -> 40
    match_cells : 40
    missing     : 0
    extra       : 0
    log list     : [155,80], [155,81], [155,82], [156,77], [156,78], [156,79], [156,80], [156,81], [156,82], [157,75], [157,76], [157,77], [157,78], [157,79], [157,80], [157,81], [157,82], [158,75], [158,76], [158,77], [158,78], [158,79], [158,80], [158,81], [158,82], [159,76], [159,77], [159,78], [159,79], [159,80], [159,81], [159,82], [160,77], [160,78], [160,79], [160,80], [160,81], [161,78], [161,79], [161,80]
    calc(global) : [155,80], [155,81], [155,82], [156,77], [156,78], [156,79], [156,80], [156,81], [156,82], [157,75], [157,76], [157,77], [157,78], [157,79], [157,80], [157,81], [157,82], [158,75], [158,76], [158,77], [158,78], [158,79], [158,80], [158,81], [158,82], [159,76], [159,77], [159,78], [159,79], [159,80], [159,81], [159,82], [160,77], [160,78], [160,79], [160,80], [160,81], [161,78], [161,79], [161,80]
    missing list : (none)
    extra list   : (none)

--------------------------------------------------------------------------------------------
[Frame 28] obstacles(selected)=1
--------------------------------------------------------------------------------------------
  - Obstacle ID 1
    corners(LU,RU,RL,LL): (159.76016201, 82.02142625) (161.91704016, 79.93626998) (157.69011783, 75.56395674) (155.53323969, 82.02142625)
    log_cells : 40
    calc_cells: 40  (aligned dx=0, dy=0) -> 40
    match_cells : 40
    missing     : 0
    extra       : 0
    log list     : [155,80], [155,81], [155,82], [156,77], [156,78], [156,79], [156,80], [156,81], [156,82], [157,75], [157,76], [157,77], [157,78], [157,79], [157,80], [157,81], [157,82], [158,75], [158,76], [158,77], [158,78], [158,79], [158,80], [158,81], [158,82], [159,76], [159,77], [159,78], [159,79], [159,80], [159,81], [159,82], [160,77], [160,78], [160,79], [160,80], [160,81], [161,78], [161,79], [161,80]
    calc(global) : [155,80], [155,81], [155,82], [156,77], [156,78], [156,79], [156,80], [156,81], [156,82], [157,75], [157,76], [157,77], [157,78], [157,79], [157,80], [157,81], [157,82], [158,75], [158,76], [158,77], [158,78], [158,79], [158,80], [158,81], [158,82], [159,76], [159,77], [159,78], [159,79], [159,80], [159,81], [159,82], [160,77], [160,78], [160,79], [160,80], [160,81], [161,78], [161,79], [161,80]
    missing list : (none)
    extra list   : (none)

--------------------------------------------------------------------------------------------
[Frame 29] obstacles(selected)=1
--------------------------------------------------------------------------------------------
  - Obstacle ID 1
    corners(LU,RU,RL,LL): (159.77295361, 82.03407728) (161.92983344, 79.94892276) (157.68528931, 75.55837445) (155.52840947, 82.03407728)
    log_cells : 40
    calc_cells: 40  (aligned dx=0, dy=0) -> 40
    match_cells : 40
    missing     : 0
    extra       : 0
    log list     : [155,80], [155,81], [155,82], [156,77], [156,78], [156,79], [156,80], [156,81], [156,82], [157,75], [157,76], [157,77], [157,78], [157,79], [157,80], [157,81], [157,82], [158,75], [158,76], [158,77], [158,78], [158,79], [158,80], [158,81], [158,82], [159,76], [159,77], [159,78], [159,79], [159,80], [159,81], [159,82], [160,77], [160,78], [160,79], [160,80], [160,81], [161,78], [161,79], [161,80]
    calc(global) : [155,80], [155,81], [155,82], [156,77], [156,78], [156,79], [156,80], [156,81], [156,82], [157,75], [157,76], [157,77], [157,78], [157,79], [157,80], [157,81], [157,82], [158,75], [158,76], [158,77], [158,78], [158,79], [158,80], [158,81], [158,82], [159,76], [159,77], [159,78], [159,79], [159,80], [159,81], [159,82], [160,77], [160,78], [160,79], [160,80], [160,81], [161,78], [161,79], [161,80]
    missing list : (none)
    extra list   : (none)

--------------------------------------------------------------------------------------------
[Frame 30] obstacles(selected)=1
--------------------------------------------------------------------------------------------
  - Obstacle ID 1
    corners(LU,RU,RL,LL): (159.77184634, 82.03234294) (161.92872517, 79.94718738) (157.69455362, 75.56737267) (155.53767479, 82.03234294)
    log_cells : 40
    calc_cells: 40  (aligned dx=0, dy=0) -> 40
    match_cells : 40
    missing     : 0
    extra       : 0
    log list     : [155,80], [155,81], [155,82], [156,77], [156,78], [156,79], [156,80], [156,81], [156,82], [157,75], [157,76], [157,77], [157,78], [157,79], [157,80], [157,81], [157,82], [158,75], [158,76], [158,77], [158,78], [158,79], [158,80], [158,81], [158,82], [159,76], [159,77], [159,78], [159,79], [159,80], [159,81], [159,82], [160,77], [160,78], [160,79], [160,80], [160,81], [161,78], [161,79], [161,80]
    calc(global) : [155,80], [155,81], [155,82], [156,77], [156,78], [156,79], [156,80], [156,81], [156,82], [157,75], [157,76], [157,77], [157,78], [157,79], [157,80], [157,81], [157,82], [158,75], [158,76], [158,77], [158,78], [158,79], [158,80], [158,81], [158,82], [159,76], [159,77], [159,78], [159,79], [159,80], [159,81], [159,82], [160,77], [160,78], [160,79], [160,80], [160,81], [161,78], [161,79], [161,80]
    missing list : (none)
    extra list   : (none)

--------------------------------------------------------------------------------------------
[Frame 31] obstacles(selected)=1
--------------------------------------------------------------------------------------------
  - Obstacle ID 1
    corners(LU,RU,RL,LL): (159.77587834, 82.04064425) (161.93275623, 79.95548772) (157.69002338, 75.5668212) (155.53314549, 82.04064425)
    log_cells : 40
    calc_cells: 40  (aligned dx=0, dy=0) -> 40
    match_cells : 40
    missing     : 0
    extra       : 0
    log list     : [155,80], [155,81], [155,82], [156,77], [156,78], [156,79], [156,80], [156,81], [156,82], [157,75], [157,76], [157,77], [157,78], [157,79], [157,80], [157,81], [157,82], [158,75], [158,76], [158,77], [158,78], [158,79], [158,80], [158,81], [158,82], [159,76], [159,77], [159,78], [159,79], [159,80], [159,81], [159,82], [160,77], [160,78], [160,79], [160,80], [160,81], [161,78], [161,79], [161,80]
    calc(global) : [155,80], [155,81], [155,82], [156,77], [156,78], [156,79], [156,80], [156,81], [156,82], [157,75], [157,76], [157,77], [157,78], [157,79], [157,80], [157,81], [157,82], [158,75], [158,76], [158,77], [158,78], [158,79], [158,80], [158,81], [158,82], [159,76], [159,77], [159,78], [159,79], [159,80], [159,81], [159,82], [160,77], [160,78], [160,79], [160,80], [160,81], [161,78], [161,79], [161,80]
    missing list : (none)
    extra list   : (none)

--------------------------------------------------------------------------------------------
[Frame 32] obstacles(selected)=1
--------------------------------------------------------------------------------------------
  - Obstacle ID 1
    corners(LU,RU,RL,LL): (159.77336073, 82.03775978) (161.93024024, 79.95260492) (157.69184718, 75.56842065) (155.53496767, 82.03775978)
    log_cells : 40
    calc_cells: 40  (aligned dx=0, dy=0) -> 40
    match_cells : 40
    missing     : 0
    extra       : 0
    log list     : [155,80], [155,81], [155,82], [156,77], [156,78], [156,79], [156,80], [156,81], [156,82], [157,75], [157,76], [157,77], [157,78], [157,79], [157,80], [157,81], [157,82], [158,75], [158,76], [158,77], [158,78], [158,79], [158,80], [158,81], [158,82], [159,76], [159,77], [159,78], [159,79], [159,80], [159,81], [159,82], [160,77], [160,78], [160,79], [160,80], [160,81], [161,78], [161,79], [161,80]
    calc(global) : [155,80], [155,81], [155,82], [156,77], [156,78], [156,79], [156,80], [156,81], [156,82], [157,75], [157,76], [157,77], [157,78], [157,79], [157,80], [157,81], [157,82], [158,75], [158,76], [158,77], [158,78], [158,79], [158,80], [158,81], [158,82], [159,76], [159,77], [159,78], [159,79], [159,80], [159,81], [159,82], [160,77], [160,78], [160,79], [160,80], [160,81], [161,78], [161,79], [161,80]
    missing list : (none)
    extra list   : (none)

--------------------------------------------------------------------------------------------
[Frame 33] obstacles(selected)=1
--------------------------------------------------------------------------------------------
  - Obstacle ID 1
    corners(LU,RU,RL,LL): (159.77383899, 82.03799754) (161.93072769, 79.9528522) (157.69237477, 75.56867074) (155.53548606, 82.03799754)
    log_cells : 40
    calc_cells: 40  (aligned dx=0, dy=0) -> 40
    match_cells : 40
    missing     : 0
    extra       : 0
    log list     : [155,80], [155,81], [155,82], [156,77], [156,78], [156,79], [156,80], [156,81], [156,82], [157,75], [157,76], [157,77], [157,78], [157,79], [157,80], [157,81], [157,82], [158,75], [158,76], [158,77], [158,78], [158,79], [158,80], [158,81], [158,82], [159,76], [159,77], [159,78], [159,79], [159,80], [159,81], [159,82], [160,77], [160,78], [160,79], [160,80], [160,81], [161,78], [161,79], [161,80]
    calc(global) : [155,80], [155,81], [155,82], [156,77], [156,78], [156,79], [156,80], [156,81], [156,82], [157,75], [157,76], [157,77], [157,78], [157,79], [157,80], [157,81], [157,82], [158,75], [158,76], [158,77], [158,78], [158,79], [158,80], [158,81], [158,82], [159,76], [159,77], [159,78], [159,79], [159,80], [159,81], [159,82], [160,77], [160,78], [160,79], [160,80], [160,81], [161,78], [161,79], [161,80]
    missing list : (none)
    extra list   : (none)

--------------------------------------------------------------------------------------------
[Frame 34] obstacles(selected)=1
--------------------------------------------------------------------------------------------
  - Obstacle ID 1
    corners(LU,RU,RL,LL): (159.78628198, 82.05013505) (161.94317889, 79.96499819) (157.69702304, 75.57271076) (155.54012613, 82.05013505)
    log_cells : 40
    calc_cells: 40  (aligned dx=0, dy=0) -> 40
    match_cells : 40
    missing     : 0
    extra       : 0
    log list     : [155,80], [155,81], [155,82], [156,77], [156,78], [156,79], [156,80], [156,81], [156,82], [157,75], [157,76], [157,77], [157,78], [157,79], [157,80], [157,81], [157,82], [158,75], [158,76], [158,77], [158,78], [158,79], [158,80], [158,81], [158,82], [159,76], [159,77], [159,78], [159,79], [159,80], [159,81], [159,82], [160,77], [160,78], [160,79], [160,80], [160,81], [161,78], [161,79], [161,80]
    calc(global) : [155,80], [155,81], [155,82], [156,77], [156,78], [156,79], [156,80], [156,81], [156,82], [157,75], [157,76], [157,77], [157,78], [157,79], [157,80], [157,81], [157,82], [158,75], [158,76], [158,77], [158,78], [158,79], [158,80], [158,81], [158,82], [159,76], [159,77], [159,78], [159,79], [159,80], [159,81], [159,82], [160,77], [160,78], [160,79], [160,80], [160,81], [161,78], [161,79], [161,80]
    missing list : (none)
    extra list   : (none)

--------------------------------------------------------------------------------------------
[Frame 35] obstacles(selected)=1
--------------------------------------------------------------------------------------------
  - Obstacle ID 1
    corners(LU,RU,RL,LL): (159.78229079, 82.04580484) (161.93918865, 79.96066896) (157.70204834, 75.57770334) (155.54515048, 82.04580484)
    log_cells : 40
    calc_cells: 40  (aligned dx=0, dy=0) -> 40
    match_cells : 40
    missing     : 0
    extra       : 0
    log list     : [155,80], [155,81], [155,82], [156,77], [156,78], [156,79], [156,80], [156,81], [156,82], [157,75], [157,76], [157,77], [157,78], [157,79], [157,80], [157,81], [157,82], [158,75], [158,76], [158,77], [158,78], [158,79], [158,80], [158,81], [158,82], [159,76], [159,77], [159,78], [159,79], [159,80], [159,81], [159,82], [160,77], [160,78], [160,79], [160,80], [160,81], [161,78], [161,79], [161,80]
    calc(global) : [155,80], [155,81], [155,82], [156,77], [156,78], [156,79], [156,80], [156,81], [156,82], [157,75], [157,76], [157,77], [157,78], [157,79], [157,80], [157,81], [157,82], [158,75], [158,76], [158,77], [158,78], [158,79], [158,80], [158,81], [158,82], [159,76], [159,77], [159,78], [159,79], [159,80], [159,81], [159,82], [160,77], [160,78], [160,79], [160,80], [160,81], [161,78], [161,79], [161,80]
    missing list : (none)
    extra list   : (none)

--------------------------------------------------------------------------------------------
[Frame 36] obstacles(selected)=1
--------------------------------------------------------------------------------------------
  - Obstacle ID 1
    corners(LU,RU,RL,LL): (159.74967998, 82.06397855) (161.90645661, 79.97871728) (157.68163371, 75.60900141) (155.52485708, 82.06397855)
    log_cells : 38
    calc_cells: 38  (aligned dx=0, dy=0) -> 38
    match_cells : 38
    missing     : 0
    extra       : 0
    log list     : [155,80], [155,81], [155,82], [156,77], [156,78], [156,79], [156,80], [156,81], [156,82], [157,75], [157,76], [157,77], [157,78], [157,79], [157,80], [157,81], [157,82], [158,75], [158,76], [158,77], [158,78], [158,79], [158,80], [158,81], [158,82], [159,76], [159,77], [159,78], [159,79], [159,80], [159,81], [159,82], [160,78], [160,79], [160,80], [160,81], [161,79], [161,80]
    calc(global) : [155,80], [155,81], [155,82], [156,77], [156,78], [156,79], [156,80], [156,81], [156,82], [157,75], [157,76], [157,77], [157,78], [157,79], [157,80], [157,81], [157,82], [158,75], [158,76], [158,77], [158,78], [158,79], [158,80], [158,81], [158,82], [159,76], [159,77], [159,78], [159,79], [159,80], [159,81], [159,82], [160,78], [160,79], [160,80], [160,81], [161,79], [161,80]
    missing list : (none)
    extra list   : (none)

--------------------------------------------------------------------------------------------
[Frame 37] obstacles(selected)=1
--------------------------------------------------------------------------------------------
  - Obstacle ID 1
    corners(LU,RU,RL,LL): (159.64635416, 82.1363352) (161.84684443, 80.09725635) (157.7054767, 75.62806211) (155.50498642, 82.1363352)
    log_cells : 37
    calc_cells: 37  (aligned dx=0, dy=0) -> 37
    match_cells : 37
    missing     : 0
    extra       : 0
    log list     : [155,80], [155,81], [155,82], [156,77], [156,78], [156,79], [156,80], [156,81], [156,82], [157,75], [157,76], [157,77], [157,78], [157,79], [157,80], [157,81], [157,82], [158,75], [158,76], [158,77], [158,78], [158,79], [158,80], [158,81], [158,82], [159,77], [159,78], [159,79], [159,80], [159,81], [159,82], [160,78], [160,79], [160,80], [160,81], [161,79], [161,80]
    calc(global) : [155,80], [155,81], [155,82], [156,77], [156,78], [156,79], [156,80], [156,81], [156,82], [157,75], [157,76], [157,77], [157,78], [157,79], [157,80], [157,81], [157,82], [158,75], [158,76], [158,77], [158,78], [158,79], [158,80], [158,81], [158,82], [159,77], [159,78], [159,79], [159,80], [159,81], [159,82], [160,78], [160,79], [160,80], [160,81], [161,79], [161,80]
    missing list : (none)
    extra list   : (none)

--------------------------------------------------------------------------------------------
[Frame 38] obstacles(selected)=1
--------------------------------------------------------------------------------------------
  - Obstacle ID 1
    corners(LU,RU,RL,LL): (159.71841902, 82.117439) (161.87526421, 80.03224864) (157.64025216, 75.65170596) (155.48340697, 82.117439)
    log_cells : 36
    calc_cells: 36  (aligned dx=0, dy=0) -> 36
    match_cells : 36
    missing     : 0
    extra       : 0
    log list     : [155,80], [155,81], [155,82], [156,77], [156,78], [156,79], [156,80], [156,81], [156,82], [157,75], [157,76], [157,77], [157,78], [157,79], [157,80], [157,81], [157,82], [158,76], [158,77], [158,78], [158,79], [158,80], [158,81], [158,82], [159,77], [159,78], [159,79], [159,80], [159,81], [159,82], [160,78], [160,79], [160,80], [160,81], [161,79], [161,80]
    calc(global) : [155,80], [155,81], [155,82], [156,77], [156,78], [156,79], [156,80], [156,81], [156,82], [157,75], [157,76], [157,77], [157,78], [157,79], [157,80], [157,81], [157,82], [158,76], [158,77], [158,78], [158,79], [158,80], [158,81], [158,82], [159,77], [159,78], [159,79], [159,80], [159,81], [159,82], [160,78], [160,79], [160,80], [160,81], [161,79], [161,80]
    missing list : (none)
    extra list   : (none)

--------------------------------------------------------------------------------------------
[Frame 39] obstacles(selected)=1
--------------------------------------------------------------------------------------------
  - Obstacle ID 1
    corners(LU,RU,RL,LL): (159.70236782, 82.09974714) (161.85927073, 80.01461648) (157.63282569, 75.64269304) (155.47592278, 82.09974714)
    log_cells : 36
    calc_cells: 36  (aligned dx=0, dy=0) -> 36
    match_cells : 36
    missing     : 0
    extra       : 0
    log list     : [155,80], [155,81], [155,82], [156,77], [156,78], [156,79], [156,80], [156,81], [156,82], [157,75], [157,76], [157,77], [157,78], [157,79], [157,80], [157,81], [157,82], [158,76], [158,77], [158,78], [158,79], [158,80], [158,81], [158,82], [159,77], [159,78], [159,79], [159,80], [159,81], [159,82], [160,78], [160,79], [160,80], [160,81], [161,79], [161,80]
    calc(global) : [155,80], [155,81], [155,82], [156,77], [156,78], [156,79], [156,80], [156,81], [156,82], [157,75], [157,76], [157,77], [157,78], [157,79], [157,80], [157,81], [157,82], [158,76], [158,77], [158,78], [158,79], [158,80], [158,81], [158,82], [159,77], [159,78], [159,79], [159,80], [159,81], [159,82], [160,78], [160,79], [160,80], [160,81], [161,79], [161,80]
    missing list : (none)
    extra list   : (none)

--------------------------------------------------------------------------------------------
[Frame 40] obstacles(selected)=1
--------------------------------------------------------------------------------------------
  - Obstacle ID 1
    corners(LU,RU,RL,LL): (159.70364682, 82.10697233) (161.86299598, 80.0243751) (157.63116609, 75.63658555) (155.47181693, 82.10697233)
    log_cells : 36
    calc_cells: 36  (aligned dx=0, dy=0) -> 36
    match_cells : 36
    missing     : 0
    extra       : 0
    log list     : [155,80], [155,81], [155,82], [156,77], [156,78], [156,79], [156,80], [156,81], [156,82], [157,75], [157,76], [157,77], [157,78], [157,79], [157,80], [157,81], [157,82], [158,76], [158,77], [158,78], [158,79], [158,80], [158,81], [158,82], [159,77], [159,78], [159,79], [159,80], [159,81], [159,82], [160,78], [160,79], [160,80], [160,81], [161,79], [161,80]
    calc(global) : [155,80], [155,81], [155,82], [156,77], [156,78], [156,79], [156,80], [156,81], [156,82], [157,75], [157,76], [157,77], [157,78], [157,79], [157,80], [157,81], [157,82], [158,76], [158,77], [158,78], [158,79], [158,80], [158,81], [158,82], [159,77], [159,78], [159,79], [159,80], [159,81], [159,82], [160,78], [160,79], [160,80], [160,81], [161,79], [161,80]
    missing list : (none)
    extra list   : (none)

--------------------------------------------------------------------------------------------
[Frame 41] obstacles(selected)=1
--------------------------------------------------------------------------------------------
  - Obstacle ID 1
    corners(LU,RU,RL,LL): (159.70322751, 82.09927219) (161.86014332, 80.01415488) (157.62789959, 75.63617894) (155.47098378, 82.09927219)
    log_cells : 36
    calc_cells: 36  (aligned dx=0, dy=0) -> 36
    match_cells : 36
    missing     : 0
    extra       : 0
    log list     : [155,80], [155,81], [155,82], [156,77], [156,78], [156,79], [156,80], [156,81], [156,82], [157,75], [157,76], [157,77], [157,78], [157,79], [157,80], [157,81], [157,82], [158,76], [158,77], [158,78], [158,79], [158,80], [158,81], [158,82], [159,77], [159,78], [159,79], [159,80], [159,81], [159,82], [160,78], [160,79], [160,80], [160,81], [161,79], [161,80]
    calc(global) : [155,80], [155,81], [155,82], [156,77], [156,78], [156,79], [156,80], [156,81], [156,82], [157,75], [157,76], [157,77], [157,78], [157,79], [157,80], [157,81], [157,82], [158,76], [158,77], [158,78], [158,79], [158,80], [158,81], [158,82], [159,77], [159,78], [159,79], [159,80], [159,81], [159,82], [160,78], [160,79], [160,80], [160,81], [161,79], [161,80]
    missing list : (none)
    extra list   : (none)

--------------------------------------------------------------------------------------------
[Frame 42] obstacles(selected)=1
--------------------------------------------------------------------------------------------
  - Obstacle ID 1
    corners(LU,RU,RL,LL): (159.70672968, 82.10064292) (161.86361978, 80.01549901) (157.62602151, 75.63209233) (155.46913142, 82.10064292)
    log_cells : 36
    calc_cells: 36  (aligned dx=0, dy=0) -> 36
    match_cells : 36
    missing     : 0
    extra       : 0
    log list     : [155,80], [155,81], [155,82], [156,77], [156,78], [156,79], [156,80], [156,81], [156,82], [157,75], [157,76], [157,77], [157,78], [157,79], [157,80], [157,81], [157,82], [158,76], [158,77], [158,78], [158,79], [158,80], [158,81], [158,82], [159,77], [159,78], [159,79], [159,80], [159,81], [159,82], [160,78], [160,79], [160,80], [160,81], [161,79], [161,80]
    calc(global) : [155,80], [155,81], [155,82], [156,77], [156,78], [156,79], [156,80], [156,81], [156,82], [157,75], [157,76], [157,77], [157,78], [157,79], [157,80], [157,81], [157,82], [158,76], [158,77], [158,78], [158,79], [158,80], [158,81], [158,82], [159,77], [159,78], [159,79], [159,80], [159,81], [159,82], [160,78], [160,79], [160,80], [160,81], [161,79], [161,80]
    missing list : (none)
    extra list   : (none)

--------------------------------------------------------------------------------------------
[Frame 43] obstacles(selected)=1
--------------------------------------------------------------------------------------------
  - Obstacle ID 1
    corners(LU,RU,RL,LL): (159.70186715, 82.09373446) (161.85875666, 80.00858995) (157.62753446, 75.63178119) (155.47064495, 82.09373446)
    log_cells : 36
    calc_cells: 36  (aligned dx=0, dy=0) -> 36
    match_cells : 36
    missing     : 0
    extra       : 0
    log list     : [155,80], [155,81], [155,82], [156,77], [156,78], [156,79], [156,80], [156,81], [156,82], [157,75], [157,76], [157,77], [157,78], [157,79], [157,80], [157,81], [157,82], [158,76], [158,77], [158,78], [158,79], [158,80], [158,81], [158,82], [159,77], [159,78], [159,79], [159,80], [159,81], [159,82], [160,78], [160,79], [160,80], [160,81], [161,79], [161,80]
    calc(global) : [155,80], [155,81], [155,82], [156,77], [156,78], [156,79], [156,80], [156,81], [156,82], [157,75], [157,76], [157,77], [157,78], [157,79], [157,80], [157,81], [157,82], [158,76], [158,77], [158,78], [158,79], [158,80], [158,81], [158,82], [159,77], [159,78], [159,79], [159,80], [159,81], [159,82], [160,78], [160,79], [160,80], [160,81], [161,79], [161,80]
    missing list : (none)
    extra list   : (none)

--------------------------------------------------------------------------------------------
[Frame 44] obstacles(selected)=1
--------------------------------------------------------------------------------------------
  - Obstacle ID 1
    corners(LU,RU,RL,LL): (159.79559477, 82.05309567) (161.91286339, 79.92773132) (157.58771854, 75.61906141) (155.47044993, 82.05309567)
    log_cells : 36
    calc_cells: 36  (aligned dx=0, dy=0) -> 36
    match_cells : 36
    missing     : 0
    extra       : 0
    log list     : [155,80], [155,81], [155,82], [156,77], [156,78], [156,79], [156,80], [156,81], [156,82], [157,75], [157,76], [157,77], [157,78], [157,79], [157,80], [157,81], [157,82], [158,76], [158,77], [158,78], [158,79], [158,80], [158,81], [158,82], [159,77], [159,78], [159,79], [159,80], [159,81], [159,82], [160,78], [160,79], [160,80], [160,81], [161,79], [161,80]
    calc(global) : [155,80], [155,81], [155,82], [156,77], [156,78], [156,79], [156,80], [156,81], [156,82], [157,75], [157,76], [157,77], [157,78], [157,79], [157,80], [157,81], [157,82], [158,76], [158,77], [158,78], [158,79], [158,80], [158,81], [158,82], [159,77], [159,78], [159,79], [159,80], [159,81], [159,82], [160,78], [160,79], [160,80], [160,81], [161,79], [161,80]
    missing list : (none)
    extra list   : (none)

--------------------------------------------------------------------------------------------
[Frame 45] obstacles(selected)=1
--------------------------------------------------------------------------------------------
  - Obstacle ID 1
    corners(LU,RU,RL,LL): (159.66582845, 82.10552179) (161.85344057, 80.05263281) (157.68027765, 75.60560139) (155.49266553, 82.10552179)
    log_cells : 37
    calc_cells: 37  (aligned dx=0, dy=0) -> 37
    match_cells : 37
    missing     : 0
    extra       : 0
    log list     : [155,80], [155,81], [155,82], [156,77], [156,78], [156,79], [156,80], [156,81], [156,82], [157,75], [157,76], [157,77], [157,78], [157,79], [157,80], [157,81], [157,82], [158,75], [158,76], [158,77], [158,78], [158,79], [158,80], [158,81], [158,82], [159,77], [159,78], [159,79], [159,80], [159,81], [159,82], [160,78], [160,79], [160,80], [160,81], [161,79], [161,80]
    calc(global) : [155,80], [155,81], [155,82], [156,77], [156,78], [156,79], [156,80], [156,81], [156,82], [157,75], [157,76], [157,77], [157,78], [157,79], [157,80], [157,81], [157,82], [158,75], [158,76], [158,77], [158,78], [158,79], [158,80], [158,81], [158,82], [159,77], [159,78], [159,79], [159,80], [159,81], [159,82], [160,78], [160,79], [160,80], [160,81], [161,79], [161,80]
    missing list : (none)
    extra list   : (none)

--------------------------------------------------------------------------------------------
[Frame 46] obstacles(selected)=1
--------------------------------------------------------------------------------------------
  - Obstacle ID 1
    corners(LU,RU,RL,LL): (159.70711872, 82.1078359) (161.87197766, 80.03096668) (157.64536931, 75.62529166) (155.48051037, 82.1078359)
    log_cells : 37
    calc_cells: 37  (aligned dx=0, dy=0) -> 37
    match_cells : 37
    missing     : 0
    extra       : 0
    log list     : [155,80], [155,81], [155,82], [156,77], [156,78], [156,79], [156,80], [156,81], [156,82], [157,75], [157,76], [157,77], [157,78], [157,79], [157,80], [157,81], [157,82], [158,75], [158,76], [158,77], [158,78], [158,79], [158,80], [158,81], [158,82], [159,77], [159,78], [159,79], [159,80], [159,81], [159,82], [160,78], [160,79], [160,80], [160,81], [161,79], [161,80]
    calc(global) : [155,80], [155,81], [155,82], [156,77], [156,78], [156,79], [156,80], [156,81], [156,82], [157,75], [157,76], [157,77], [157,78], [157,79], [157,80], [157,81], [157,82], [158,75], [158,76], [158,77], [158,78], [158,79], [158,80], [158,81], [158,82], [159,77], [159,78], [159,79], [159,80], [159,81], [159,82], [160,78], [160,79], [160,80], [160,81], [161,79], [161,80]
    missing list : (none)
    extra list   : (none)

--------------------------------------------------------------------------------------------
[Frame 47] obstacles(selected)=1
--------------------------------------------------------------------------------------------
  - Obstacle ID 1
    corners(LU,RU,RL,LL): (159.73151555, 82.08621539) (161.89751472, 80.01053535) (157.6762887, 75.605631) (155.51028954, 82.08621539)
    log_cells : 38
    calc_cells: 38  (aligned dx=0, dy=0) -> 38
    match_cells : 38
    missing     : 0
    extra       : 0
    log list     : [155,80], [155,81], [155,82], [156,77], [156,78], [156,79], [156,80], [156,81], [156,82], [157,75], [157,76], [157,77], [157,78], [157,79], [157,80], [157,81], [157,82], [158,75], [158,76], [158,77], [158,78], [158,79], [158,80], [158,81], [158,82], [159,76], [159,77], [159,78], [159,79], [159,80], [159,81], [159,82], [160,78], [160,79], [160,80], [160,81], [161,79], [161,80]
    calc(global) : [155,80], [155,81], [155,82], [156,77], [156,78], [156,79], [156,80], [156,81], [156,82], [157,75], [157,76], [157,77], [157,78], [157,79], [157,80], [157,81], [157,82], [158,75], [158,76], [158,77], [158,78], [158,79], [158,80], [158,81], [158,82], [159,76], [159,77], [159,78], [159,79], [159,80], [159,81], [159,82], [160,78], [160,79], [160,80], [160,81], [161,79], [161,80]
    missing list : (none)
    extra list   : (none)

--------------------------------------------------------------------------------------------
[Frame 48] obstacles(selected)=1
--------------------------------------------------------------------------------------------
  - Obstacle ID 1
    corners(LU,RU,RL,LL): (159.7503641, 82.08450157) (161.9072456, 79.99934877) (157.66498594, 75.61115652) (155.50810444, 82.08450157)
    log_cells : 38
    calc_cells: 38  (aligned dx=0, dy=0) -> 38
    match_cells : 38
    missing     : 0
    extra       : 0
    log list     : [155,80], [155,81], [155,82], [156,77], [156,78], [156,79], [156,80], [156,81], [156,82], [157,75], [157,76], [157,77], [157,78], [157,79], [157,80], [157,81], [157,82], [158,75], [158,76], [158,77], [158,78], [158,79], [158,80], [158,81], [158,82], [159,76], [159,77], [159,78], [159,79], [159,80], [159,81], [159,82], [160,78], [160,79], [160,80], [160,81], [161,79], [161,80]
    calc(global) : [155,80], [155,81], [155,82], [156,77], [156,78], [156,79], [156,80], [156,81], [156,82], [157,75], [157,76], [157,77], [157,78], [157,79], [157,80], [157,81], [157,82], [158,75], [158,76], [158,77], [158,78], [158,79], [158,80], [158,81], [158,82], [159,76], [159,77], [159,78], [159,79], [159,80], [159,81], [159,82], [160,78], [160,79], [160,80], [160,81], [161,79], [161,80]
    missing list : (none)
    extra list   : (none)

--------------------------------------------------------------------------------------------
[Frame 49] obstacles(selected)=1
--------------------------------------------------------------------------------------------
  - Obstacle ID 1
    corners(LU,RU,RL,LL): (159.7612496, 82.09446649) (161.91813062, 80.00931319) (157.6773341, 75.62263642) (155.52045308, 82.09446649)
    log_cells : 38
    calc_cells: 38  (aligned dx=0, dy=0) -> 38
    match_cells : 38
    missing     : 0
    extra       : 0
    log list     : [155,80], [155,81], [155,82], [156,77], [156,78], [156,79], [156,80], [156,81], [156,82], [157,75], [157,76], [157,77], [157,78], [157,79], [157,80], [157,81], [157,82], [158,75], [158,76], [158,77], [158,78], [158,79], [158,80], [158,81], [158,82], [159,76], [159,77], [159,78], [159,79], [159,80], [159,81], [159,82], [160,78], [160,79], [160,80], [160,81], [161,79], [161,80]
    calc(global) : [155,80], [155,81], [155,82], [156,77], [156,78], [156,79], [156,80], [156,81], [156,82], [157,75], [157,76], [157,77], [157,78], [157,79], [157,80], [157,81], [157,82], [158,75], [158,76], [158,77], [158,78], [158,79], [158,80], [158,81], [158,82], [159,76], [159,77], [159,78], [159,79], [159,80], [159,81], [159,82], [160,78], [160,79], [160,80], [160,81], [161,79], [161,80]
    missing list : (none)
    extra list   : (none)

--------------------------------------------------------------------------------------------
[Frame 50] obstacles(selected)=1
--------------------------------------------------------------------------------------------
  - Obstacle ID 1
    corners(LU,RU,RL,LL): (159.7678253, 82.09798566) (161.92474486, 80.01287222) (157.68089189, 75.62287151) (155.52397234, 82.09798566)
    log_cells : 38
    calc_cells: 38  (aligned dx=0, dy=0) -> 38
    match_cells : 38
    missing     : 0
    extra       : 0
    log list     : [155,80], [155,81], [155,82], [156,77], [156,78], [156,79], [156,80], [156,81], [156,82], [157,75], [157,76], [157,77], [157,78], [157,79], [157,80], [157,81], [157,82], [158,75], [158,76], [158,77], [158,78], [158,79], [158,80], [158,81], [158,82], [159,76], [159,77], [159,78], [159,79], [159,80], [159,81], [159,82], [160,78], [160,79], [160,80], [160,81], [161,79], [161,80]
    calc(global) : [155,80], [155,81], [155,82], [156,77], [156,78], [156,79], [156,80], [156,81], [156,82], [157,75], [157,76], [157,77], [157,78], [157,79], [157,80], [157,81], [157,82], [158,75], [158,76], [158,77], [158,78], [158,79], [158,80], [158,81], [158,82], [159,76], [159,77], [159,78], [159,79], [159,80], [159,81], [159,82], [160,78], [160,79], [160,80], [160,81], [161,79], [161,80]
    missing list : (none)
    extra list   : (none)

============================================================================================
 Summary (cells-level reference)
============================================================================================
 Obstacle ID 1
   match_frames               : 50
   match_frames / exist_frames: 50/50 = 100.00%  <-- requested
   comparable_frames          : 50 (frames where obstacle exists)
   mismatch_frames            : 0
   no_data_frames             : 0 (frames without this obstacle in log)

============================================================================================
